1 2
1 3
1 170
1 173
1 277
1 600
2 3
2 277
2 323
2 432
2 505
3 163
3 170
3 171
3 323
4 5
4 6
4 16
4 17
4 18
4 125
5 6
5 125
5 521
5 522
5 523
5 596
6 16
6 235
6 523
6 529
7 8
7 9
7 59
7 62
7 86
8 9
8 56
8 62
8 530
8 543
9 56
9 57
9 58
9 59
10 11
10 12
10 360
10 498
10 499
10 512
11 12
11 20
11 354
11 359
11 360
12 17
12 19
12 20
12 498
13 14
13 15
13 317
13 318
13 363
13 545
14 15
14 266
14 487
14 545
14 599
15 221
15 266
15 363
15 417
15 418
16 17
16 498
16 511
16 529
17 18
17 19
17 94
17 498
18 94
18 125
18 126
19 20
19 21
19 94
19 95
20 21
20 299
20 354
21 95
21 298
21 299
21 309
22 23
22 24
22 72
22 503
22 504
23 24
23 72
23 74
23 207
23 548
24 291
24 420
24 503
24 548
25 26
25 27
25 60
25 86
25 398
25 463
26 27
26 59
26 86
26 488
26 497
27 410
27 422
27 423
27 463
27 497
28 29
28 30
28 338
28 340
28 364
28 567
29 30
29 131
29 263
29 302
29 364
29 365
30 338
30 365
30 366
30 428
31 32
31 33
31 204
31 298
31 299
31 517
32 33
32 204
32 267
32 306
32 536
33 298
33 305
33 306
33 310
34 35
34 36
34 375
34 456
34 464
34 595
35 36
35 374
35 375
35 469
35 554
36 42
36 44
36 554
36 595
37 38
37 39
37 337
37 403
37 577
37 589
38 39
38 324
38 325
38 332
38 403
39 332
39 333
39 387
39 589
40 41
40 42
40 43
40 44
40 49
40 559
41 42
41 49
41 110
41 397
42 44
42 397
42 595
43 44
43 45
43 47
43 444
43 559
44 45
44 554
45 47
45 471
45 541
45 554
46 47
46 48
46 175
46 250
46 413
46 444
47 48
47 444
47 541
48 209
48 413
48 424
48 486
48 541
49 110
49 246
49 409
49 559
50 51
50 52
50 81
50 82
50 133
50 473
51 52
51 68
51 70
51 71
51 133
52 71
52 82
52 83
52 268
53 54
53 55
53 398
53 473
53 489
53 516
54 55
54 175
54 250
54 443
54 516
55 133
55 134
55 175
55 473
56 57
56 63
56 67
56 543
57 58
57 67
57 73
57 518
58 59
58 72
58 73
58 488
58 504
59 86
59 488
60 61
60 62
60 86
60 398
60 489
61 62
61 81
61 489
61 530
62 86
62 530
63 64
63 65
63 66
63 67
63 543
64 65
64 113
64 127
64 269
64 543
65 66
65 127
65 415
66 67
66 293
66 415
66 547
67 518
67 547
68 69
68 70
68 133
68 134
68 425
69 70
69 382
69 406
69 407
69 425
70 71
70 406
70 573
71 83
71 84
71 573
72 73
72 74
72 504
73 74
73 518
73 588
74 207
74 445
74 588
75 76
75 77
75 518
75 547
75 576
75 588
76 77
76 334
76 576
76 578
76 581
77 334
77 335
77 445
77 588
78 79
78 80
78 123
78 124
78 259
78 564
79 80
79 242
79 368
79 369
79 449
79 564
80 241
80 242
80 259
80 527
81 82
81 473
81 489
81 530
82 268
82 269
82 530
83 84
83 85
83 112
83 113
83 268
84 85
84 385
84 572
84 573
85 112
85 120
85 276
85 385
87 88
87 89
87 206
87 324
87 325
87 373
88 89
88 325
88 405
88 533
88 534
89 373
89 533
89 592
89 593
90 91
90 92
90 205
90 215
90 217
90 411
91 92
91 200
91 205
91 315
91 336
92 115
92 217
92 315
92 345
93 94
93 95
93 96
93 97
93 126
93 273
94 95
94 126
95 96
95 309
96 97
96 309
96 341
97 168
97 261
97 273
97 341
98 99
98 100
98 157
98 342
98 357
98 580
99 100
99 229
99 230
99 313
99 580
100 157
100 191
100 313
100 421
101 102
101 103
101 104
101 105
101 186
101 394
102 103
102 186
102 187
102 291
102 346
103 104
103 346
103 570
103 592
104 105
104 561
104 570
104 590
105 252
105 253
105 394
105 590
106 107
106 108
106 111
106 122
106 253
106 394
106 448
107 108
107 111
107 247
107 422
107 423
108 186
108 394
108 423
108 583
109 110
109 111
109 122
109 245
109 249
109 397
110 111
110 246
110 247
110 397
111 122
111 247
112 113
112 120
112 121
112 127
113 127
113 268
113 269
114 115
114 116
114 172
114 179
114 181
114 182
115 116
115 172
115 315
115 345
116 179
116 314
116 315
116 386
117 118
117 119
117 240
117 297
117 353
117 563
118 119
118 129
118 279
118 281
118 297
118 582
119 129
119 177
119 353
120 121
120 270
120 276
120 587
121 127
121 128
121 587
122 244
122 245
122 448
123 124
123 391
123 402
123 490
123 560
123 564
124 259
124 260
124 447
124 490
125 126
125 596
126 273
126 596
126 597
127 128
127 415
128 294
128 396
128 415
128 587
129 177
129 414
129 579
129 582
130 131
130 132
130 226
130 263
130 465
130 480
131 132
131 263
131 326
131 364
132 326
132 327
132 328
132 465
133 134
133 473
134 175
134 413
134 425
135 136
135 137
135 271
135 272
135 395
135 399
136 137
136 173
136 271
136 550
136 600
137 399
137 400
137 550
137 551
138 139
138 140
138 167
138 168
138 261
138 262
139 140
139 262
139 466
139 545
139 599
140 167
140 317
140 483
140 545
141 142
141 143
141 144
141 432
141 505
141 572
142 143
142 384
142 406
142 572
142 573
143 144
143 384
143 552
144 303
144 432
144 433
144 552
145 146
145 147
145 156
145 158
145 159
145 412
146 147
146 148
146 149
146 275
146 412
147 156
147 275
147 510
147 512
148 149
148 214
148 215
148 411
148 412
149 214
149 275
149 352
149 358
149 507
150 151
150 152
150 303
150 433
150 475
150 591
151 152
151 153
151 303
151 304
151 349
152 348
152 349
152 361
152 591
153 154
153 155
153 304
153 349
153 430
154 155
154 429
154 430
154 435
154 544
155 288
155 347
155 349
155 544
156 159
156 509
156 510
156 546
157 191
157 356
157 357
157 434
158 159
158 160
158 412
158 462
158 526
159 160
159 228
159 546
160 228
160 494
160 526
160 574
161 162
161 163
161 231
161 323
161 475
161 476
162 163
162 169
162 171
162 231
162 232
163 171
163 323
164 165
164 166
164 210
164 408
164 429
164 435
165 166
165 209
165 210
165 424
165 431
165 569
166 222
166 431
166 435
166 539
167 168
167 274
167 483
168 261
168 273
168 274
169 170
169 171
169 232
169 562
169 563
170 171
170 173
170 174
170 562
172 178
172 182
172 345
172 579
173 174
173 550
173 600
174 176
174 550
174 562
175 250
175 413
176 177
176 178
176 353
176 550
176 551
176 562
177 178
177 353
177 579
178 182
178 551
178 579
179 180
179 181
179 386
179 401
180 181
180 330
180 331
180 377
180 401
181 182
181 330
181 400
182 400
182 551
183 184
183 185
183 290
183 295
183 378
183 379
184 185
184 264
184 289
184 290
184 467
184 468
185 295
185 426
185 427
185 467
186 187
186 394
186 583
187 291
187 503
187 549
187 583
188 189
188 190
188 355
188 404
188 439
188 585
189 190
189 199
189 404
189 453
189 577
190 355
190 453
190 557
190 575
191 421
191 434
191 515
191 519
192 193
192 194
192 195
192 197
192 506
192 508
193 194
193 280
193 507
193 508
193 586
194 195
194 280
194 441
194 442
194 496
195 196
195 197
195 496
196 197
196 204
196 267
196 496
196 555
197 204
197 506
197 517
198 199
198 200
198 453
198 474
198 584
199 200
199 337
199 453
199 577
200 205
200 336
200 337
200 584
201 202
201 203
201 282
201 446
201 450
201 540
202 203
202 449
202 450
202 479
202 560
203 389
203 390
203 446
203 479
204 267
204 517
205 411
205 462
205 584
206 207
206 208
206 324
206 373
206 548
207 208
207 445
207 548
208 324
208 332
208 335
208 445
209 210
209 424
209 486
210 407
210 408
210 486
211 212
211 213
211 362
211 537
211 555
211 568
212 213
212 233
212 495
212 555
213 233
213 251
213 361
213 362
214 215
214 216
214 287
214 352
215 216
215 217
215 411
216 217
216 287
216 414
216 582
217 345
217 414
218 219
218 220
218 230
218 316
218 320
218 321
219 220
219 235
219 236
219 320
219 525
220 229
220 230
220 235
220 523
221 222
221 223
221 225
221 363
221 417
222 223
222 417
222 431
222 539
223 224
223 225
223 431
223 472
223 569
224 225
224 226
224 227
224 472
224 480
225 363
225 480
225 481
226 227
226 263
226 302
226 376
226 480
227 376
227 470
227 472
228 254
228 380
228 494
228 546
229 230
229 313
229 522
229 523
230 316
230 580
231 232
231 237
231 238
231 476
232 237
232 240
232 563
233 238
233 239
233 251
233 495
234 235
234 236
234 255
234 509
234 511
234 529
235 236
235 523
235 529
236 254
236 255
236 525
237 238
237 239
237 240
237 296
238 239
238 251
238 476
239 296
239 441
239 495
240 296
240 297
240 563
241 242
241 243
241 248
241 527
241 528
242 243
242 369
242 451
243 248
243 451
243 452
243 565
244 245
244 260
244 344
244 447
244 448
245 249
245 344
245 558
246 247
246 409
246 410
246 422
247 422
248 454
248 455
248 528
248 565
249 397
249 464
249 558
249 595
250 443
250 444
251 361
251 476
251 591
252 253
252 447
252 448
252 490
252 590
253 394
253 448
254 255
254 380
254 525
254 546
255 509
255 546
256 257
256 258
256 283
256 351
256 477
256 500
257 258
257 282
257 283
257 501
257 540
258 477
258 484
258 501
258 502
259 260
259 527
260 344
260 447
260 527
261 262
261 341
262 307
262 308
262 341
262 466
263 302
264 265
264 266
264 289
264 468
264 487
265 266
265 288
265 289
265 418
265 419
266 418
266 487
267 536
267 537
267 555
268 269
269 530
269 543
270 271
270 272
270 276
270 278
270 587
271 272
271 278
271 600
272 395
272 396
272 587
273 274
273 597
274 483
274 597
274 598
275 358
275 360
275 512
276 277
276 278
276 385
277 278
277 385
277 505
277 600
278 600
279 280
279 281
279 297
279 442
280 281
280 442
280 586
281 287
281 582
281 586
282 283
282 370
282 450
282 540
283 370
283 372
283 500
284 285
284 286
284 300
284 301
284 312
285 286
285 301
285 316
285 321
285 478
286 312
286 316
286 342
286 580
287 352
287 582
287 586
288 289
288 290
288 347
288 419
288 544
289 290
290 347
290 379
291 346
291 420
291 503
292 293
292 294
292 329
292 331
292 377
292 581
293 294
293 415
293 547
293 576
293 581
294 329
294 396
294 415
295 378
295 427
295 535
295 568
296 297
296 441
296 442
297 442
298 299
298 309
298 310
299 354
299 517
300 301
300 311
300 312
300 460
300 461
301 350
301 351
301 461
301 478
302 365
302 374
302 376
303 304
303 433
303 552
304 430
304 552
305 306
305 307
305 308
305 310
305 426
306 426
306 427
306 536
307 308
307 309
307 310
307 341
308 426
308 466
308 467
309 310
309 341
311 312
311 343
311 457
311 460
311 566
312 342
312 343
313 421
313 521
313 522
314 315
314 336
314 386
314 387
314 589
315 336
316 321
316 580
317 318
317 319
317 483
317 545
318 319
318 363
318 381
318 481
319 381
319 482
319 483
319 513
320 321
320 322
320 485
320 525
321 322
321 478
322 477
322 478
322 484
322 485
323 432
323 433
323 475
324 325
324 332
325 403
325 405
326 327
326 364
326 458
326 459
327 328
327 458
327 514
327 553
328 381
328 465
328 513
328 514
329 330
329 331
329 395
329 396
330 331
330 395
330 399
330 400
331 377
332 333
332 335
333 334
333 335
333 387
333 416
334 335
334 416
334 578
335 445
336 337
336 589
337 577
337 589
338 339
338 340
338 367
338 428
339 340
339 367
339 524
339 594
340 460
340 566
340 567
340 594
342 343
342 357
342 580
343 356
343 357
343 457
344 527
344 528
344 558
345 414
345 579
346 420
346 592
346 593
347 348
347 349
347 379
348 349
348 361
348 362
348 378
348 379
350 351
350 437
350 461
350 500
350 538
351 477
351 478
351 500
352 507
352 586
353 562
353 563
354 359
354 506
354 517
355 439
355 440
355 557
356 357
356 434
356 457
356 458
356 553
358 359
358 360
358 507
358 508
359 360
359 506
359 508
360 512
361 362
361 591
362 378
362 568
363 481
364 459
364 567
365 366
365 374
365 375
366 375
366 428
366 455
366 456
367 428
367 452
367 524
367 565
368 369
368 370
368 371
368 449
368 450
369 371
369 436
369 451
370 371
370 372
370 450
371 372
371 436
372 436
372 437
372 500
373 420
373 548
373 593
374 375
374 376
374 469
375 456
376 469
376 470
377 401
377 578
377 581
378 379
378 568
380 491
380 494
380 525
380 556
381 465
381 481
381 513
382 383
382 384
382 406
382 407
382 408
383 384
383 408
383 429
383 430
383 552
384 406
384 552
385 505
385 572
386 387
386 401
386 416
387 416
387 589
388 389
388 390
388 439
388 532
388 534
388 585
389 390
389 439
389 440
389 446
390 393
390 479
390 532
391 392
391 393
391 402
391 479
391 560
392 393
392 402
392 561
392 570
392 571
393 479
393 532
393 571
395 396
395 399
396 587
397 595
398 463
398 489
398 516
399 400
400 551
401 416
401 578
402 490
402 561
402 590
403 404
403 405
403 577
404 405
404 577
404 585
405 534
405 585
406 573
407 408
407 425
407 486
408 429
409 410
409 443
409 516
409 559
410 422
410 463
410 516
411 412
411 462
412 462
413 425
413 486
414 579
414 582
416 578
417 418
417 419
417 539
418 419
419 539
419 544
420 548
420 593
421 519
421 520
421 521
422 423
423 497
423 583
424 541
424 542
424 569
425 486
426 427
426 467
427 535
427 536
428 455
428 565
429 430
429 435
430 552
431 569
432 433
432 505
433 475
434 514
434 515
434 553
435 539
435 544
436 437
436 438
436 451
437 438
437 500
437 538
438 451
438 452
438 524
438 538
439 440
439 585
440 446
440 531
440 557
441 442
441 495
441 496
443 444
443 516
443 559
444 559
445 588
446 531
446 540
447 448
447 490
449 450
449 560
449 564
451 452
452 524
452 565
453 474
453 575
454 455
454 456
454 464
454 528
454 558
455 456
455 565
456 464
457 458
457 459
457 566
458 459
458 553
459 566
459 567
460 461
460 566
460 594
461 538
461 594
462 526
462 584
463 516
464 558
464 595
465 480
465 481
466 467
466 468
466 599
467 468
468 487
468 599
469 470
469 471
469 554
470 471
470 472
470 542
471 541
471 542
471 554
472 542
472 569
473 489
474 526
474 574
474 575
474 584
475 476
475 591
476 591
477 478
477 484
479 560
480 481
482 483
482 513
482 515
482 519
482 598
483 598
484 485
484 502
484 556
485 525
485 556
487 599
488 497
488 504
488 549
490 590
491 492
491 493
491 494
491 502
491 556
492 493
492 501
492 502
492 531
492 557
493 494
493 557
493 574
493 575
494 574
495 496
495 555
496 555
497 549
497 583
498 499
498 511
499 510
499 511
499 512
501 502
501 531
501 540
502 556
503 504
503 549
504 549
505 572
506 508
506 517
507 508
507 586
509 510
509 511
509 546
510 511
510 512
511 529
513 514
513 515
514 515
514 553
515 519
518 547
518 588
519 520
519 598
520 521
520 596
520 597
520 598
521 522
521 596
522 523
524 538
524 594
525 556
526 574
526 584
527 528
528 558
530 543
531 540
531 557
532 533
532 534
532 571
533 534
533 571
533 592
534 585
535 536
535 537
535 568
536 537
537 555
537 568
538 594
539 544
541 542
542 569
545 599
547 576
549 583
550 551
557 575
560 564
561 570
561 590
562 563
566 567
570 571
570 592
571 592
572 573
574 575
576 581
578 581
592 593
596 597
597 598
